//cellid,Name,Description,Type,CorpID,buy,build 1-4,build 5,rent,rent 1,rent 2,rent 3,rent 4,rent 5,pos Vert,pos Horis
0,Go,,0,0,0,0,0,0,0,0,0,0,0,0,0
1,Press,,4,1,100,200,200,10,50,75,112,168,252,1,1
2,Copy-center,,4,1,110,220,220,11,55,82,123,184,276,2,2
3,Tax,,9,0,0,0,0,0,0,0,0,0,0,3,3
4,Book shop,,4,1,125,240,240,12,60,90,135,202,303,4,4
5,West Railroad,,5,2,150,0,0,15,0,0,0,0,0,9,5
6,Pizza,,4,3,140,280,280,14,70,105,157,235,352,14,6
7,Electricity,,6,4,200,0,0,20,0,0,0,0,0,19,7
8,Bar,,4,3,160,320,320,16,80,120,180,270,405,24,15
9,Restarant,,4,3,175,340,340,17,85,127,190,285,427,29,23
10,Jail,,3,0,0,0,0,0,0,0,0,0,0,34,31
11,Hostel,,4,5,200,400,400,20,100,150,225,337,505,39,39
12,Motel,,4,5,220,440,440,22,110,165,247,370,555,38,38
13,Chance,,8,0,0,0,0,0,0,0,0,0,0,37,37
14,Hotel,,4,5,240,480,480,24,120,180,270,405,607,36,36
15,North Railroad,,5,2,150,0,0,15,0,0,0,0,0,35,35
16,Radio,,4,6,250,500,500,25,125,187,280,420,630,30,34
17,Card,,7,0,0,0,0,0,0,0,0,0,0,25,33
18,Movies,,4,6,270,540,540,27,135,202,303,454,681,20,32
19,Tv,,4,6,290,580,580,29,145,217,325,487,730,15,24
20,Free,,1,0,0,0,0,0,0,0,0,0,0,10,16
21,Cell phones,,4,7,320,640,640,32,160,240,360,540,810,5,8
22,Tax,,9,0,0,0,0,0,0,0,0,0,0,6,9
23,Video games,,4,7,340,680,680,34,170,255,382,573,859,7,10
24,Computers,,4,7,360,720,720,36,180,270,405,607,910,8,11
25,East Railroad,,5,2,150,0,0,15,0,0,0,0,0,13,12
26,Gym,,4,8,380,760,760,38,190,285,427,640,960,18,13
27,Water,,6,4,200,0,0,20,0,0,0,0,0,23,14
28,Pool,,4,8,410,820,820,41,205,307,460,690,1035,28,22
29,Golf,,4,8,440,880,880,44,220,330,495,742,1113,33,30
30,Go Jail,,2,0,0,0,0,0,0,0,0,0,0,32,29
31,Motocycles,,4,9,500,1000,1000,50,250,375,562,843,1264,31,28
32,Cars,,4,9,530,1060,1060,53,265,397,595,892,1338,26,27
33,Chance,,8,0,0,0,0,0,0,0,0,0,0,21,26
34,Traks,,4,9,560,1120,1120,56,280,420,630,945,1417,16,25
35,South Railroad,,5,2,150,0,0,15,0,0,0,0,0,11,17
36,Bus stop,,4,10,600,1200,1200,60,300,450,675,1012,1518,12,18
37,Card,,7,0,0,0,0,0,0,0,0,0,0,17,19
38,Railstation,,4,10,650,1300,1300,65,325,487,730,1095,1642,22,20
39,Airport,,4,10,700,1400,1400,70,350,525,787,1180,1770,27,21
